Area:(-30.0, -30.0)(456.9, -30.0)(456.9, 1269.9)(-30.0, 1269.9)
Rule:GATE(5,5);SD(5,5);GATE_SD(0.5);GATE_ITO(0.5);SD_ITO(0.5)
Module:M1
Boundary:(-22.5, 891.1)(20.3, 891.1)(20.3, 1036.9)(-22.5, 1036.9);GATE
Port:(-11.1, 1032.4)(8.9, 1032.4)(8.9, 1036.9)(-11.1, 1036.9);SD
Port:(-22.5, 891.1)(20.3, 891.1)(20.3, 1030.7)(-22.5, 1030.7);GATE
Port:(-16.6, 896.0)(14.4, 896.0)(14.4, 900.8)(-16.6, 900.8);SD
Module:M2
Boundary:(102.2, 1053.3)(102.2, 1167.9)(-22.5, 1167.9)(-22.5, 1053.3);GATE
Port:(-22.5, 1068.5)(-17.0, 1068.5)(-17.0, 1152.7)(-22.5, 1152.7);SD
Port:(102.2, 1053.3)(102.2, 1167.9)(-14.6, 1167.9)(-14.6, 1053.3);GATE
Port:(90.5, 1059.4)(97.1, 1059.4)(97.1, 1142.6)(90.5, 1142.6);SD
Module:M3
Boundary:(247.7, 1243.6)(247.7, 1157.6)(363.3, 1157.6)(363.3, 1262.4)(297.4, 1262.4)(297.4, 1243.6);GATE
Port:(247.7, 1170.1)(251.9, 1170.1)(251.9, 1249.9)(247.7, 1249.9);SD
Port:(254.6, 1243.6)(254.6, 1157.6)(363.3, 1157.6)(363.3, 1262.4)(297.4, 1262.4)(297.4, 1243.6);GATE
Port:(351.8, 1161.2)(358.9, 1161.2)(358.9, 1258.8)(351.8, 1258.8);SD
Module:M4
Boundary:(373.4, 492.9)(373.4, 606.4)(284.3, 606.4)(284.3, 624.1)(199.3, 624.1)(199.3, 492.9);GATE
Port:(199.3, 507.8)(205.0, 507.8)(205.0, 609.2)(199.3, 609.2);SD
Port:(373.4, 492.9)(373.4, 606.4)(284.3, 606.4)(284.3, 624.1)(207.0, 624.1)(207.0, 492.9);GATE
Port:(361.8, 498.6)(368.7, 498.6)(368.7, 599.7)(361.8, 599.7);SD
Module:M5
Boundary:(184.1, 563.4)(184.1, 642.1)(183.9, 642.1)(183.9, 656.7)(-5.2, 656.7)(-5.2, 563.4);GATE
Port:(-5.2, 577.4)(-1.0, 577.4)(-1.0, 642.7)(-5.2, 642.7);SD
Port:(184.1, 563.4)(184.1, 642.1)(183.9, 642.1)(183.9, 656.7)(1.1, 656.7)(1.1, 563.4);GATE
Port:(172.0, 570.3)(178.2, 570.3)(178.2, 635.2)(172.0, 635.2);SD
Module:M6
Boundary:(130.1, -22.5)(130.1, 84.5)(41.4, 84.5)(41.4, 101.2)(-22.5, 101.2)(-22.5, -22.5);GATE
Port:(-22.5, -8.7)(-17.0, -8.7)(-17.0, 87.4)(-22.5, 87.4);SD
Port:(130.1, -22.5)(130.1, 84.5)(41.4, 84.5)(41.4, 101.2)(-14.2, 101.2)(-14.2, -22.5);GATE
Port:(119.5, -15.9)(124.5, -15.9)(124.5, 76.9)(119.5, 76.9);SD
Module:M7
Boundary:(381.1, 815.8)(449.4, 815.8)(449.4, 997.3)(381.1, 997.3);GATE
Port:(394.1, 992.9)(436.4, 992.9)(436.4, 997.3)(394.1, 997.3);SD
Port:(381.1, 815.8)(449.4, 815.8)(449.4, 990.0)(381.1, 990.0);GATE
Port:(386.3, 820.0)(444.2, 820.0)(444.2, 825.6)(386.3, 825.6);SD
Module:M8
Boundary:(368.3, 362.2)(368.3, 460.5)(292.3, 460.5)(292.3, 475.7)(215.9, 475.7)(215.9, 362.2);GATE
Port:(215.9, 375.1)(221.2, 375.1)(221.2, 462.8)(215.9, 462.8);SD
Port:(368.3, 362.2)(368.3, 460.5)(292.3, 460.5)(292.3, 475.7)(223.7, 475.7)(223.7, 362.2);GATE
Port:(358.6, 368.6)(362.9, 368.6)(362.9, 453.1)(358.6, 453.1);SD
Module:M9
Boundary:(-22.5, 159.5)(42.9, 159.5)(42.9, 303.2)(-22.5, 303.2);GATE
Port:(-8.5, 299.0)(28.9, 299.0)(28.9, 303.2)(-8.5, 303.2);SD
Port:(-22.5, 159.5)(42.9, 159.5)(42.9, 296.6)(-22.5, 296.6);GATE
Port:(-16.8, 164.2)(37.2, 164.2)(37.2, 171.2)(-16.8, 171.2);SD
Module:M10
Boundary:(339.8, 621.8)(435.0, 621.8)(435.0, 665.8)(449.4, 665.8)(449.4, 718.3)(339.8, 718.3);GATE
Port:(352.7, 713.3)(436.5, 713.3)(436.5, 718.3)(352.7, 718.3);SD
Port:(339.8, 621.8)(435.0, 621.8)(435.0, 665.8)(449.4, 665.8)(449.4, 711.7)(339.8, 711.7);GATE
Port:(345.4, 626.4)(428.4, 626.4)(428.4, 632.3)(345.4, 632.3);SD
Module:M11
Boundary:(198.8, 671.7)(324.8, 671.7)(324.8, 880.1)(198.8, 880.1);GATE
Port:(214.2, 875.7)(309.4, 875.7)(309.4, 880.1)(214.2, 880.1);SD
Port:(198.8, 671.7)(324.8, 671.7)(324.8, 873.4)(198.8, 873.4);GATE
Port:(204.2, 676.1)(319.4, 676.1)(319.4, 683.8)(204.2, 683.8);SD
Module:M12
Boundary:(-22.5, 318.4)(49.4, 318.4)(49.4, 459.4)(65.1, 459.4)(65.1, 547.7)(-22.5, 547.7);GATE
Port:(-7.5, 541.9)(50.1, 541.9)(50.1, 547.7)(-7.5, 547.7);SD
Port:(-22.5, 318.4)(49.4, 318.4)(49.4, 459.4)(65.1, 459.4)(65.1, 540.4)(-22.5, 540.4);GATE
Port:(-15.6, 324.3)(41.5, 324.3)(41.5, 331.0)(-15.6, 331.0);SD
Module:M13
Boundary:(254.1, 1028.8)(254.1, 1142.1)(117.9, 1142.1)(117.9, 1028.8);GATE
Port:(117.9, 1043.9)(123.0, 1043.9)(123.0, 1127.0)(117.9, 1127.0);SD
Port:(254.1, 1028.8)(254.1, 1142.1)(125.7, 1142.1)(125.7, 1028.8);GATE
Port:(242.0, 1035.7)(248.2, 1035.7)(248.2, 1135.2)(242.0, 1135.2);SD
Module:M14
Boundary:(80.8, 250.8)(185.1, 250.8)(185.1, 269.6)(200.7, 269.6)(200.7, 461.8)(80.8, 461.8);GATE
Port:(96.2, 456.4)(185.3, 456.4)(185.3, 461.8)(96.2, 461.8);SD
Port:(80.8, 250.8)(185.1, 250.8)(185.1, 269.6)(200.7, 269.6)(200.7, 455.0)(80.8, 455.0);GATE
Port:(86.7, 255.7)(178.2, 255.7)(178.2, 263.4)(86.7, 263.4);SD
Module:M15
Boundary:(383.4, 317.7)(449.4, 317.7)(449.4, 477.7)(383.4, 477.7);GATE
Port:(396.5, 472.9)(436.3, 472.9)(436.3, 477.7)(396.5, 477.7);SD
Port:(383.4, 317.7)(449.4, 317.7)(449.4, 470.8)(383.4, 470.8);GATE
Port:(389.7, 323.0)(443.1, 323.0)(443.1, 327.8)(389.7, 327.8);SD
Module:M16
Boundary:(232.5, 1182.9)(232.5, 1248.3)(205.1, 1248.3)(205.1, 1262.4)(70.7, 1262.4)(70.7, 1182.9);GATE
Port:(70.7, 1196.3)(76.6, 1196.3)(76.6, 1249.0)(70.7, 1249.0);SD
Port:(232.5, 1182.9)(232.5, 1248.3)(205.1, 1248.3)(205.1, 1262.4)(78.9, 1262.4)(78.9, 1182.9);GATE
Port:(221.2, 1189.0)(227.4, 1189.0)(227.4, 1241.2)(221.2, 1241.2);SD
Module:M17
Boundary:(378.6, 1076.7)(449.4, 1076.7)(449.4, 1217.4)(378.6, 1217.4);GATE
Port:(389.7, 1212.8)(438.3, 1212.8)(438.3, 1217.4)(389.7, 1217.4);SD
Port:(378.6, 1076.7)(449.4, 1076.7)(449.4, 1210.2)(378.6, 1210.2);GATE
Port:(383.7, 1080.8)(444.3, 1080.8)(444.3, 1086.3)(383.7, 1086.3);SD
Module:M18
Boundary:(-22.0, 672.6)(62.9, 672.6)(62.9, 796.9)(77.8, 796.9)(77.8, 876.0)(-22.0, 876.0);GATE
Port:(-7.0, 870.9)(62.8, 870.9)(62.8, 876.0)(-7.0, 876.0);SD
Port:(-22.0, 672.6)(62.9, 672.6)(62.9, 796.9)(77.8, 796.9)(77.8, 868.5)(-22.0, 868.5);GATE
Port:(-15.2, 678.4)(55.1, 678.4)(55.1, 685.0)(-15.2, 685.0);SD
Module:M19
Boundary:(363.3, 895.1)(363.3, 995.5)(363.2, 995.5)(363.2, 1012.4)(208.7, 1012.4)(208.7, 895.1);GATE
Port:(208.7, 907.7)(214.1, 907.7)(214.1, 999.8)(208.7, 999.8);SD
Port:(363.3, 895.1)(363.3, 995.5)(363.2, 995.5)(363.2, 1012.4)(215.4, 1012.4)(215.4, 895.1);GATE
Port:(352.9, 900.2)(359.2, 900.2)(359.2, 990.4)(352.9, 990.4);SD
Module:M20
Boundary:(449.4, -22.5)(449.4, 45.4)(393.7, 45.4)(393.7, 60.5)(237.3, 60.5)(237.3, -22.5);GATE
Port:(237.3, -8.8)(243.3, -8.8)(243.3, 46.8)(237.3, 46.8);SD
Port:(449.4, -22.5)(449.4, 45.4)(393.7, 45.4)(393.7, 60.5)(246.2, 60.5)(246.2, -22.5);GATE
Port:(438.1, -16.7)(444.6, -16.7)(444.6, 38.6)(438.1, 38.6);SD
