Area:(-30.0, -30.0)(456.9, -30.0)(456.9, 1269.9)(-30.0, 1269.9)
Rule:GATE(5,5);SD(5,5);GATE_SD(0.5);GATE_ITO(0.5);SD_ITO(0.5)
Module:M14
Boundary:(10.0, 258.4)(114.3, 258.4)(114.3, 277.2)(129.9, 277.2)(129.9, 469.4)(10.0, 469.4);GATE
Port:(25.4, 464.0)(114.5, 464.0)(114.5, 469.4)(25.4, 469.4);SD
Port:(10.0, 258.4)(114.3, 258.4)(114.3, 277.2)(129.9, 277.2)(129.9, 462.6)(10.0, 462.6);GATE
Port:(15.9, 263.3)(107.4, 263.3)(107.4, 271.0)(15.9, 271.0);SD
Module:M9
Boundary:(342.5, 389.9)(407.9, 389.9)(407.9, 533.6)(342.5, 533.6);GATE
Port:(356.5, 529.4)(393.9, 529.4)(393.9, 533.6)(356.5, 533.6);SD
Port:(342.5, 389.9)(407.9, 389.9)(407.9, 527.0)(342.5, 527.0);GATE
Port:(348.2, 394.6)(402.2, 394.6)(402.2, 401.6)(348.2, 401.6);SD
Module:M5
Boundary:(413.9, 563.6)(413.9, 642.3)(413.7, 642.3)(413.7, 656.9)(224.6, 656.9)(224.6, 563.6);GATE
Port:(224.6, 577.6)(228.8, 577.6)(228.8, 642.9)(224.6, 642.9);SD
Port:(413.9, 563.6)(413.9, 642.3)(413.7, 642.3)(413.7, 656.9)(230.9, 656.9)(230.9, 563.6);GATE
Port:(401.8, 570.5)(408.0, 570.5)(408.0, 635.4)(401.8, 635.4);SD
Module:M11
Boundary:(20.0, 20.0)(146.0, 20.0)(146.0, 228.4)(20.0, 228.4);GATE
Port:(35.4, 224.0)(130.6, 224.0)(130.6, 228.4)(35.4, 228.4);SD
Port:(20.0, 20.0)(146.0, 20.0)(146.0, 221.7)(20.0, 221.7);GATE
Port:(25.4, 24.4)(140.6, 24.4)(140.6, 32.1)(25.4, 32.1);SD
Module:M1
Boundary:(149.9, 333.7)(192.7, 333.7)(192.7, 479.5)(149.9, 479.5);GATE
Port:(161.3, 475.0)(181.3, 475.0)(181.3, 479.5)(161.3, 479.5);SD
Port:(149.9, 333.7)(192.7, 333.7)(192.7, 473.3)(149.9, 473.3);GATE
Port:(155.8, 338.6)(186.8, 338.6)(186.8, 343.4)(155.8, 343.4);SD
Module:M19
Boundary:(184.6, 692.8)(184.6, 793.2)(184.5, 793.2)(184.5, 810.1)(30.0, 810.1)(30.0, 692.8);GATE
Port:(30.0, 705.4)(35.4, 705.4)(35.4, 797.5)(30.0, 797.5);SD
Port:(184.6, 692.8)(184.6, 793.2)(184.5, 793.2)(184.5, 810.1)(36.7, 810.1)(36.7, 692.8);GATE
Port:(174.2, 697.9)(180.5, 697.9)(180.5, 788.1)(174.2, 788.1);SD
Module:M6
Boundary:(328.6, 190.0)(328.6, 297.0)(239.9, 297.0)(239.9, 313.7)(176.0, 313.7)(176.0, 190.0);GATE
Port:(176.0, 203.8)(181.5, 203.8)(181.5, 299.9)(176.0, 299.9);SD
Port:(328.6, 190.0)(328.6, 297.0)(239.9, 297.0)(239.9, 313.7)(184.3, 313.7)(184.3, 190.0);GATE
Port:(318.0, 196.6)(323.0, 196.6)(323.0, 289.4)(318.0, 289.4);SD
Module:M2
Boundary:(414.7, 828.1)(414.7, 942.7)(290.0, 942.7)(290.0, 828.1);GATE
Port:(290.0, 843.3)(295.5, 843.3)(295.5, 927.5)(290.0, 927.5);SD
Port:(414.7, 828.1)(414.7, 942.7)(297.9, 942.7)(297.9, 828.1);GATE
Port:(403.0, 834.2)(409.6, 834.2)(409.6, 917.4)(403.0, 917.4);SD
Module:M16
Boundary:(299.4, 1003.6)(299.4, 1069.0)(272.0, 1069.0)(272.0, 1083.1)(137.6, 1083.1)(137.6, 1003.6);GATE
Port:(137.6, 1017.0)(143.5, 1017.0)(143.5, 1069.7)(137.6, 1069.7);SD
Port:(299.4, 1003.6)(299.4, 1069.0)(272.0, 1069.0)(272.0, 1083.1)(145.8, 1083.1)(145.8, 1003.6);GATE
Port:(288.1, 1009.7)(294.3, 1009.7)(294.3, 1061.9)(288.1, 1061.9);SD
Module:M13
Boundary:(166.2, 519.5)(166.2, 632.8)(30.0, 632.8)(30.0, 519.5);GATE
Port:(30.0, 534.6)(35.1, 534.6)(35.1, 617.7)(30.0, 617.7);SD
Port:(166.2, 519.5)(166.2, 632.8)(37.8, 632.8)(37.8, 519.5);GATE
Port:(154.1, 526.4)(160.3, 526.4)(160.3, 625.9)(154.1, 625.9);SD
Module:M10
Boundary:(292.1, 1133.4)(387.3, 1133.4)(387.3, 1177.4)(401.7, 1177.4)(401.7, 1229.9)(292.1, 1229.9);GATE
Port:(305.0, 1224.9)(388.8, 1224.9)(388.8, 1229.9)(305.0, 1229.9);SD
Port:(292.1, 1133.4)(387.3, 1133.4)(387.3, 1177.4)(401.7, 1177.4)(401.7, 1223.3)(292.1, 1223.3);GATE
Port:(297.7, 1138.0)(380.7, 1138.0)(380.7, 1143.9)(297.7, 1143.9);SD
Module:M7
Boundary:(348.6, 178.4)(416.9, 178.4)(416.9, 359.9)(348.6, 359.9);GATE
Port:(361.6, 355.5)(403.9, 355.5)(403.9, 359.9)(361.6, 359.9);SD
Port:(348.6, 178.4)(416.9, 178.4)(416.9, 352.6)(348.6, 352.6);GATE
Port:(353.8, 182.6)(411.7, 182.6)(411.7, 188.2)(353.8, 188.2);SD
Module:M3
Boundary:(282.0, 117.8)(282.0, 31.8)(397.6, 31.8)(397.6, 136.6)(331.7, 136.6)(331.7, 117.8);GATE
Port:(282.0, 44.3)(286.2, 44.3)(286.2, 124.1)(282.0, 124.1);SD
Port:(288.9, 117.8)(288.9, 31.8)(397.6, 31.8)(397.6, 136.6)(331.7, 136.6)(331.7, 117.8);GATE
Port:(386.1, 35.4)(393.2, 35.4)(393.2, 133.0)(386.1, 133.0);SD
Module:M18
Boundary:(212.7, 333.7)(297.6, 333.7)(297.6, 458.0)(312.5, 458.0)(312.5, 537.1)(212.7, 537.1);GATE
Port:(227.7, 532.0)(297.5, 532.0)(297.5, 537.1)(227.7, 537.1);SD
Port:(212.7, 333.7)(297.6, 333.7)(297.6, 458.0)(312.5, 458.0)(312.5, 529.6)(212.7, 529.6);GATE
Port:(219.5, 339.5)(289.8, 339.5)(289.8, 346.1)(219.5, 346.1);SD
Module:M20
Boundary:(242.1, 1143.1)(242.1, 1211.0)(186.4, 1211.0)(186.4, 1226.1)(30.0, 1226.1)(30.0, 1143.1);GATE
Port:(30.0, 1156.8)(36.0, 1156.8)(36.0, 1212.4)(30.0, 1212.4);SD
Port:(242.1, 1143.1)(242.1, 1211.0)(186.4, 1211.0)(186.4, 1226.1)(38.9, 1226.1)(38.9, 1143.1);GATE
Port:(230.8, 1148.9)(237.3, 1148.9)(237.3, 1204.2)(230.8, 1204.2);SD
Module:M15
Boundary:(176.0, 10.0)(242.0, 10.0)(242.0, 170.0)(176.0, 170.0);GATE
Port:(189.1, 165.2)(228.9, 165.2)(228.9, 170.0)(189.1, 170.0);SD
Port:(176.0, 10.0)(242.0, 10.0)(242.0, 163.1)(176.0, 163.1);GATE
Port:(182.3, 15.3)(235.7, 15.3)(235.7, 20.1)(182.3, 20.1);SD
Module:M12
Boundary:(10.0, 850.1)(81.9, 850.1)(81.9, 991.1)(97.6, 991.1)(97.6, 1079.4)(10.0, 1079.4);GATE
Port:(25.0, 1073.6)(82.6, 1073.6)(82.6, 1079.4)(25.0, 1079.4);SD
Port:(10.0, 850.1)(81.9, 850.1)(81.9, 991.1)(97.6, 991.1)(97.6, 1072.1)(10.0, 1072.1);GATE
Port:(16.9, 856.0)(74.0, 856.0)(74.0, 862.7)(16.9, 862.7);SD
Module:M8
Boundary:(270.0, 850.1)(270.0, 948.4)(194.0, 948.4)(194.0, 963.6)(117.6, 963.6)(117.6, 850.1);GATE
Port:(117.6, 863.0)(122.9, 863.0)(122.9, 950.7)(117.6, 950.7);SD
Port:(270.0, 850.1)(270.0, 948.4)(194.0, 948.4)(194.0, 963.6)(125.4, 963.6)(125.4, 850.1);GATE
Port:(260.3, 856.5)(264.6, 856.5)(264.6, 941.0)(260.3, 941.0);SD
Module:M4
Boundary:(398.7, 676.9)(398.7, 790.4)(309.6, 790.4)(309.6, 808.1)(224.6, 808.1)(224.6, 676.9);GATE
Port:(224.6, 691.8)(230.3, 691.8)(230.3, 793.2)(224.6, 793.2);SD
Port:(398.7, 676.9)(398.7, 790.4)(309.6, 790.4)(309.6, 808.1)(232.3, 808.1)(232.3, 676.9);GATE
Port:(387.1, 682.6)(394.0, 682.6)(394.0, 783.7)(387.1, 783.7);SD
Module:M17
Boundary:(339.4, 962.7)(410.2, 962.7)(410.2, 1103.4)(339.4, 1103.4);GATE
Port:(350.5, 1098.8)(399.1, 1098.8)(399.1, 1103.4)(350.5, 1103.4);SD
Port:(339.4, 962.7)(410.2, 962.7)(410.2, 1096.2)(339.4, 1096.2);GATE
Port:(344.5, 966.8)(405.1, 966.8)(405.1, 972.3)(344.5, 972.3);SD
