Area:(-30.0, -30.0)(1210.6, -30.0)(1210.6, 531.7)(-30.0, 531.7)
Rule:GATE(5,5);SD(5,5);GATE_SD(0.5);GATE_ITO(0.5);SD_ITO(0.5)
Module:M14
Boundary:(412.6, 141.5)(477.7, 141.5)(477.7, 229.8)(491.5, 229.8)(491.5, 293.1)(412.6, 293.1);GATE
Port:(426.3, 289.1)(477.8, 289.1)(477.8, 293.1)(426.3, 293.1);SD
Port:(412.6, 141.5)(477.7, 141.5)(477.7, 229.8)(491.5, 229.8)(491.5, 287.2)(412.6, 287.2);GATE
Port:(419.0, 146.9)(470.3, 146.9)(470.3, 153.1)(419.0, 153.1);SD
Module:M9
Boundary:(235.6, 20.0)(235.6, 110.4)(235.3, 110.4)(235.3, 129.0)(20.0, 129.0)(20.0, 20.0);GATE
Port:(20.0, 33.5)(25.0, 33.5)(25.0, 115.5)(20.0, 115.5);SD
Port:(235.6, 20.0)(235.6, 110.4)(235.3, 110.4)(235.3, 129.0)(26.2, 129.0)(26.2, 20.0);GATE
Port:(225.2, 25.3)(231.3, 25.3)(231.3, 105.1)(225.2, 105.1);SD
Module:M5
Boundary:(586.5, 10.0)(586.5, 106.0)(586.2, 106.0)(586.2, 121.5)(400.2, 121.5)(400.2, 10.0);GATE
Port:(400.2, 23.9)(405.5, 23.9)(405.5, 107.6)(400.2, 107.6);SD
Port:(586.5, 10.0)(586.5, 106.0)(586.2, 106.0)(586.2, 121.5)(406.7, 121.5)(406.7, 10.0);GATE
Port:(575.6, 16.8)(580.7, 16.8)(580.7, 99.2)(575.6, 99.2);SD
Module:M11
Boundary:(208.5, 169.0)(208.5, 291.5)(207.8, 291.5)(207.8, 308.9)(20.0, 308.9)(20.0, 169.0);GATE
Port:(20.0, 183.0)(25.8, 183.0)(25.8, 294.9)(20.0, 294.9);SD
Port:(208.5, 169.0)(208.5, 291.5)(207.8, 291.5)(207.8, 308.9)(27.3, 308.9)(27.3, 169.0);GATE
Port:(197.5, 175.5)(203.0, 175.5)(203.0, 285.0)(197.5, 285.0);SD
Module:M1
Boundary:(725.7, 137.7)(786.7, 137.7)(786.7, 138.0)(801.0, 138.0)(801.0, 302.8)(725.7, 302.8);GATE
Port:(738.6, 297.6)(788.1, 297.6)(788.1, 302.8)(738.6, 302.8);SD
Port:(725.7, 137.7)(786.7, 137.7)(786.7, 138.0)(801.0, 138.0)(801.0, 296.0)(725.7, 296.0);GATE
Port:(731.1, 142.1)(781.3, 142.1)(781.3, 148.8)(731.1, 148.8);SD
Module:M19
Boundary:(685.7, 161.5)(685.7, 276.2)(531.5, 276.2)(531.5, 161.5);GATE
Port:(531.5, 175.1)(537.1, 175.1)(537.1, 262.6)(531.5, 262.6);SD
Port:(685.7, 161.5)(685.7, 276.2)(538.6, 276.2)(538.6, 161.5);GATE
Port:(675.1, 167.7)(680.5, 167.7)(680.5, 270.0)(675.1, 270.0);SD
Module:M6
Boundary:(937.9, 174.6)(1032.2, 174.6)(1032.2, 330.1)(937.9, 330.1);GATE
Port:(954.2, 325.5)(1015.9, 325.5)(1015.9, 330.1)(954.2, 330.1);SD
Port:(937.9, 174.6)(1032.2, 174.6)(1032.2, 323.0)(937.9, 323.0);GATE
Port:(944.5, 180.2)(1025.6, 180.2)(1025.6, 187.4)(944.5, 187.4);SD
Module:M2
Boundary:(265.6, 10.0)(380.2, 10.0)(380.2, 134.7)(265.6, 134.7);GATE
Port:(280.8, 129.2)(365.0, 129.2)(365.0, 134.7)(280.8, 134.7);SD
Port:(265.6, 10.0)(380.2, 10.0)(380.2, 126.8)(265.6, 126.8);GATE
Port:(271.7, 15.1)(354.9, 15.1)(354.9, 21.7)(271.7, 21.7);SD
Module:M16
Boundary:(623.4, 336.2)(623.4, 457.9)(573.6, 457.9)(573.6, 471.5)(432.6, 471.5)(432.6, 336.2);GATE
Port:(432.6, 349.6)(437.3, 349.6)(437.3, 458.1)(432.6, 458.1);SD
Port:(623.4, 336.2)(623.4, 457.9)(573.6, 457.9)(573.6, 471.5)(438.9, 471.5)(438.9, 336.2);GATE
Port:(612.5, 342.0)(618.6, 342.0)(618.6, 451.1)(612.5, 451.1);SD
Module:M13
Boundary:(1148.9, 370.1)(1148.9, 450.6)(1148.6, 450.6)(1148.6, 466.6)(952.4, 466.6)(952.4, 370.1);GATE
Port:(952.4, 382.8)(957.8, 382.8)(957.8, 453.9)(952.4, 453.9);SD
Port:(1148.9, 370.1)(1148.9, 450.6)(1148.6, 450.6)(1148.6, 466.6)(959.5, 466.6)(959.5, 370.1);GATE
Port:(1138.6, 375.7)(1144.3, 375.7)(1144.3, 445.0)(1138.6, 445.0);SD
Module:M10
Boundary:(1011.6, 20.0)(1011.6, 84.9)(955.3, 84.9)(955.3, 99.1)(799.5, 99.1)(799.5, 20.0);GATE
Port:(799.5, 33.7)(804.8, 33.7)(804.8, 85.4)(799.5, 85.4);SD
Port:(1011.6, 20.0)(1011.6, 84.9)(955.3, 84.9)(955.3, 99.1)(807.1, 99.1)(807.1, 20.0);GATE
Port:(1000.9, 25.8)(1006.8, 25.8)(1006.8, 78.1)(1000.9, 78.1);SD
Module:M7
Boundary:(392.6, 338.9)(392.6, 491.7)(191.5, 491.7)(191.5, 338.9);GATE
Port:(191.5, 353.4)(196.8, 353.4)(196.8, 477.2)(191.5, 477.2);SD
Port:(392.6, 338.9)(392.6, 491.7)(198.1, 491.7)(198.1, 338.9);GATE
Port:(381.1, 344.6)(387.9, 344.6)(387.9, 486.0)(381.1, 486.0);SD
Module:M3
Boundary:(333.4, 294.6)(292.0, 294.6)(292.0, 319.0)(258.0, 319.0)(258.0, 177.8)(367.4, 177.8)(367.4, 319.0)(333.4, 319.0);GATE
Port:(272.8, 290.4)(352.6, 290.4)(352.6, 294.6)(272.8, 294.6);SD
Port:(333.4, 287.7)(292.0, 287.7)(292.0, 319.0)(258.0, 319.0)(258.0, 177.8)(367.4, 177.8)(367.4, 319.0)(333.4, 319.0);GATE
Port:(263.9, 183.4)(361.5, 183.4)(361.5, 190.4)(263.9, 190.4);SD
Module:M18
Boundary:(10.0, 338.9)(154.7, 338.9)(154.7, 375.2)(171.5, 375.2)(171.5, 481.9)(10.0, 481.9);GATE
Port:(24.9, 477.3)(156.6, 477.3)(156.6, 481.9)(24.9, 481.9);SD
Port:(10.0, 338.9)(154.7, 338.9)(154.7, 375.2)(171.5, 375.2)(171.5, 475.0)(10.0, 475.0);GATE
Port:(16.5, 344.4)(147.2, 344.4)(147.2, 350.3)(16.5, 350.3);SD
Module:M20
Boundary:(683.4, 342.8)(754.5, 342.8)(754.5, 362.8)(767.0, 362.8)(767.0, 466.6)(683.4, 466.6);GATE
Port:(694.9, 461.2)(755.5, 461.2)(755.5, 466.6)(694.9, 466.6);SD
Port:(683.4, 342.8)(754.5, 342.8)(754.5, 362.8)(767.0, 362.8)(767.0, 460.1)(683.4, 460.1);GATE
Port:(688.6, 347.0)(748.3, 347.0)(748.3, 352.4)(688.6, 352.4);SD
Module:M15
Boundary:(1041.6, 10.0)(1170.6, 10.0)(1170.6, 154.6)(1041.6, 154.6);GATE
Port:(1056.6, 150.5)(1155.6, 150.5)(1155.6, 154.6)(1056.6, 154.6);SD
Port:(1041.6, 10.0)(1170.6, 10.0)(1170.6, 149.1)(1041.6, 149.1);GATE
Port:(1048.3, 15.7)(1163.9, 15.7)(1163.9, 21.6)(1048.3, 21.6);SD
Module:M12
Boundary:(807.0, 324.4)(895.8, 324.4)(895.8, 378.0)(912.4, 378.0)(912.4, 484.3)(807.0, 484.3);GATE
Port:(821.0, 479.3)(898.4, 479.3)(898.4, 484.3)(821.0, 484.3);SD
Port:(807.0, 324.4)(895.8, 324.4)(895.8, 378.0)(912.4, 378.0)(912.4, 476.6)(807.0, 476.6);GATE
Port:(812.1, 328.5)(889.7, 328.5)(889.7, 335.2)(812.1, 335.2);SD
Module:M8
Boundary:(1052.2, 174.6)(1153.0, 174.6)(1153.0, 267.2)(1165.8, 267.2)(1165.8, 330.0)(1052.2, 330.0);GATE
Port:(1064.5, 325.9)(1153.5, 325.9)(1153.5, 330.0)(1064.5, 330.0);SD
Port:(1052.2, 174.6)(1153.0, 174.6)(1153.0, 267.2)(1165.8, 267.2)(1165.8, 324.1)(1052.2, 324.1);GATE
Port:(1058.0, 179.4)(1146.2, 179.4)(1146.2, 184.8)(1058.0, 184.8);SD
Module:M4
Boundary:(821.0, 129.1)(903.5, 129.1)(903.5, 173.7)(917.9, 173.7)(917.9, 304.4)(821.0, 304.4);GATE
Port:(835.6, 298.5)(903.3, 298.5)(903.3, 304.4)(835.6, 304.4);SD
Port:(821.0, 129.1)(903.5, 129.1)(903.5, 173.7)(917.9, 173.7)(917.9, 296.6)(821.0, 296.6);GATE
Port:(827.9, 135.0)(895.6, 135.0)(895.6, 141.3)(827.9, 141.3);SD
Module:M17
Boundary:(769.5, 10.0)(769.5, 117.7)(606.5, 117.7)(606.5, 10.0);GATE
Port:(606.5, 24.5)(610.5, 24.5)(610.5, 103.2)(606.5, 103.2);SD
Port:(769.5, 10.0)(769.5, 117.7)(612.8, 117.7)(612.8, 10.0);GATE
Port:(758.4, 16.8)(763.7, 16.8)(763.7, 110.9)(758.4, 110.9);SD
