Area:(0, 0)(850.5, 0)(850.5, 901.02)(0, 901.02)
Rule:GATE(5,5);SD(5,5);GATE_SD(0.5);GATE_ITO(0.5);SD_ITO(0.5)
Module:M1
Boundary:(81.0, 776.2)(81.0, 855.0)(158.5, 855.0)(158.5, 776.2);GATE
Port:(87.3, 783.7)(87.3, 838.7)(92.3, 838.7)(92.3, 783.7);SD
Port:(87.3, 843.7)(87.3, 848.7)(152.3, 848.7)(152.3, 843.7);GATE
Port:(147.3, 783.7)(147.3, 838.7)(152.3, 838.7)(152.3, 783.7);SD
Module:M2
Boundary:(49.1, 0.0)(49.1, 127.5)(126.6, 127.5)(126.6, 0.0);GATE
Port:(85.3, 26.2)(85.3, 81.3)(90.3, 81.3)(90.3, 26.2);SD
Port:(75.3, 96.3)(75.3, 101.3)(100.3, 101.3)(100.3, 96.3);GATE
Port:(75.3, 86.3)(75.3, 91.3)(100.3, 91.3)(100.3, 86.3);SD
Port:(55.3, 6.2)(55.3, 11.2)(120.3, 11.2)(120.3, 6.2);GATE
Module:M3
Boundary:(582.0, 127.5)(582.0, 255.0)(659.5, 255.0)(659.5, 127.5);GATE
Port:(618.3, 153.7)(618.3, 208.7)(623.3, 208.7)(623.3, 153.7);SD
Port:(608.3, 223.7)(608.3, 228.7)(633.3, 228.7)(633.3, 223.7);GATE
Port:(608.3, 213.7)(608.3, 218.7)(633.3, 218.7)(633.3, 213.7);SD
Port:(588.3, 133.7)(588.3, 138.7)(653.3, 138.7)(653.3, 133.7);GATE
Module:M4
Boundary:(185.5, 0.0)(185.5, 137.5)(283.0, 137.5)(283.0, 0.0);GATE
Port:(221.7, 26.2)(221.7, 31.2)(246.7, 31.2)(246.7, 26.2);SD
Port:(211.7, 106.3)(211.7, 111.2)(256.7, 111.2)(256.7, 106.3);GATE
Port:(211.7, 96.2)(211.7, 101.3)(256.7, 101.3)(256.7, 96.2);SD
Port:(191.7, 6.2)(191.7, 11.2)(276.7, 11.2)(276.7, 6.2);GATE
Module:M5
Boundary:(3.1, 763.3)(3.1, 900.8)(100.6, 900.8)(100.6, 763.3);GATE
Port:(39.3, 789.6)(39.3, 794.6)(64.3, 794.6)(64.3, 789.6);SD
Port:(29.3, 869.6)(29.3, 874.6)(74.3, 874.6)(74.3, 869.6);GATE
Port:(29.3, 859.6)(29.3, 864.6)(74.3, 864.6)(74.3, 859.6);SD
Port:(9.3, 769.6)(9.3, 774.6)(94.3, 774.6)(94.3, 769.6);GATE
Module:M6
Boundary:(325.7, 619.1)(325.7, 756.6)(423.2, 756.6)(423.2, 619.1);GATE
Port:(362.0, 645.4)(362.0, 650.4)(387.0, 650.4)(387.0, 645.4);SD
Port:(352.0, 725.4)(352.0, 730.4)(397.0, 730.4)(397.0, 725.4);GATE
Port:(352.0, 715.4)(352.0, 720.4)(397.0, 720.4)(397.0, 715.4);SD
Port:(332.0, 625.4)(332.0, 630.4)(417.0, 630.4)(417.0, 625.4);GATE
Module:M7
Boundary:(106.5, 122.6)(106.5, 183.8)(168.5, 183.8)(168.5, 122.6);GATE
Port:(125.0, 122.6)(125.0, 127.6)(150.0, 127.6)(150.0, 122.6);SD
Port:(115.0, 172.6)(115.0, 177.6)(160.0, 177.6)(160.0, 172.6);GATE
Port:(115.0, 162.6)(115.0, 167.6)(160.0, 167.6)(160.0, 162.6);SD
Module:M8
Boundary:(342.9, 37.5)(342.9, 98.7)(404.9, 98.7)(404.9, 37.5);GATE
Port:(361.4, 37.5)(361.4, 42.5)(386.4, 42.5)(386.4, 37.5);SD
Port:(351.4, 87.5)(351.4, 92.5)(396.4, 92.5)(396.4, 87.5);GATE
Port:(351.4, 77.5)(351.4, 82.5)(396.4, 82.5)(396.4, 77.5);SD
Module:M9
Boundary:(65.6, 717.5)(65.6, 845.0)(143.1, 845.0)(143.1, 717.5);GATE
Port:(101.8, 743.8)(101.8, 798.8)(106.8, 798.8)(106.8, 743.8);SD
Port:(91.8, 813.8)(91.8, 818.8)(116.8, 818.8)(116.8, 813.8);GATE
Port:(91.8, 803.8)(91.8, 808.8)(116.8, 808.8)(116.8, 803.8);SD
Port:(71.8, 723.8)(71.8, 728.8)(136.8, 728.8)(136.8, 723.8);GATE
Module:M10
Boundary:(75.0, 773.5)(75.0, 901.0)(152.5, 901.0)(152.5, 773.5);GATE
Port:(111.2, 799.8)(111.2, 854.8)(116.2, 854.8)(116.2, 799.8);SD
Port:(101.2, 869.8)(101.2, 874.8)(126.2, 874.8)(126.2, 869.8);GATE
Port:(101.2, 859.8)(101.2, 864.8)(126.2, 864.8)(126.2, 859.8);SD
Port:(81.2, 779.8)(81.2, 784.8)(146.2, 784.8)(146.2, 779.8);GATE
Module:M11
Boundary:(130.0, 349.1)(130.0, 427.9)(207.5, 427.9)(207.5, 349.1);GATE
Port:(196.2, 356.6)(196.2, 411.6)(201.2, 411.6)(201.2, 356.6);SD
Port:(136.2, 416.6)(136.2, 421.6)(201.2, 421.6)(201.2, 416.6);GATE
Port:(136.2, 356.6)(136.2, 411.6)(141.2, 411.6)(141.2, 356.6);SD
Module:M12
Boundary:(441.0, 588.9)(441.0, 650.2)(503.0, 650.2)(503.0, 588.9);GATE
Port:(459.5, 588.9)(459.5, 593.9)(484.5, 593.9)(484.5, 588.9);SD
Port:(449.5, 638.9)(449.5, 643.9)(494.5, 643.9)(494.5, 638.9);GATE
Port:(449.5, 628.9)(449.5, 633.9)(494.5, 633.9)(494.5, 628.9);SD
Module:M13
Boundary:(446.2, 367.9)(446.2, 429.2)(508.2, 429.2)(508.2, 367.9);GATE
Port:(464.7, 367.9)(464.7, 372.9)(489.7, 372.9)(489.7, 367.9);SD
Port:(454.7, 417.9)(454.7, 422.9)(499.7, 422.9)(499.7, 417.9);GATE
Port:(454.7, 407.9)(454.7, 412.9)(499.7, 412.9)(499.7, 407.9);SD
Module:M14
Boundary:(296.6, 153.2)(296.6, 244.5)(418.6, 244.5)(418.6, 153.2);GATE
Port:(315.1, 153.2)(315.1, 158.2)(400.1, 158.2)(400.1, 153.2);SD
Port:(305.1, 233.2)(305.1, 238.2)(410.1, 238.2)(410.1, 233.2);GATE
Port:(305.1, 223.2)(305.1, 228.2)(410.1, 228.2)(410.1, 223.2);SD
Module:M15
Boundary:(661.6, 432.7)(661.6, 523.9)(783.6, 523.9)(783.6, 432.7);GATE
Port:(680.1, 432.7)(680.1, 437.7)(765.1, 437.7)(765.1, 432.7);SD
Port:(670.1, 512.7)(670.1, 517.7)(775.1, 517.7)(775.1, 512.7);GATE
Port:(670.1, 502.7)(670.1, 507.7)(775.1, 507.7)(775.1, 502.7);SD
Module:M16
Boundary:(208.5, 72.9)(208.5, 134.2)(410.5, 134.2)(410.5, 72.9);GATE
Port:(227.0, 72.9)(227.0, 77.9)(392.0, 77.9)(392.0, 72.9);SD
Port:(217.0, 122.9)(217.0, 127.9)(402.0, 127.9)(402.0, 122.9);GATE
Port:(217.0, 112.9)(217.0, 117.9)(402.0, 117.9)(402.0, 112.9);SD
Module:M17
Boundary:(170.3, 590.3)(170.3, 727.8)(267.8, 727.8)(267.8, 590.3);GATE
Port:(206.6, 616.6)(206.6, 621.6)(231.6, 621.6)(231.6, 616.6);SD
Port:(196.6, 696.6)(196.6, 701.6)(241.6, 701.6)(241.6, 696.6);GATE
Port:(196.6, 686.6)(196.6, 691.6)(241.6, 691.6)(241.6, 686.6);SD
Port:(176.6, 596.6)(176.6, 601.6)(261.6, 601.6)(261.6, 596.6);GATE
