Area:(0, 0)(850.5, 0)(850.5, 901.02)(0, 901.02)
Rule:GATE(5,5);SD(5,5);GATE_SD(0.5);GATE_ITO(0.5);SD_ITO(0.5)
Module:M1
Boundary:(170.2, 822.3)(170.2, 901.0)(247.7, 901.0)(247.7, 822.3);GATE
Port:(176.5, 829.8)(176.5, 884.8)(181.5, 884.8)(181.5, 829.8);SD
Port:(176.5, 889.8)(176.5, 894.8)(241.5, 894.8)(241.5, 889.8);GATE
Port:(236.5, 829.8)(236.5, 884.8)(241.5, 884.8)(241.5, 829.8);SD
Module:M2
Boundary:(0.0, 0.0)(0.0, 127.5)(77.5, 127.5)(77.5, 0.0);GATE
Port:(36.2, 26.2)(36.2, 81.2)(41.2, 81.2)(41.2, 26.2);SD
Port:(26.2, 96.2)(26.2, 101.3)(51.2, 101.3)(51.2, 96.2);GATE
Port:(26.2, 86.2)(26.2, 91.2)(51.2, 91.2)(51.2, 86.2);SD
Port:(6.2, 6.2)(6.2, 11.2)(71.2, 11.2)(71.2, 6.2);GATE
Module:M3
Boundary:(773.0, 0.0)(773.0, 127.5)(850.5, 127.5)(850.5, 0.0);GATE
Port:(809.3, 26.2)(809.3, 81.3)(814.3, 81.3)(814.3, 26.2);SD
Port:(799.3, 96.3)(799.3, 101.3)(824.3, 101.3)(824.3, 96.3);GATE
Port:(799.3, 86.3)(799.3, 91.3)(824.3, 91.3)(824.3, 86.3);SD
Port:(779.3, 6.2)(779.3, 11.2)(844.2, 11.2)(844.2, 6.2);GATE
Module:M4
Boundary:(597.4, 289.7)(597.4, 427.2)(694.9, 427.2)(694.9, 289.7);GATE
Port:(633.6, 316.0)(633.6, 321.0)(658.6, 321.0)(658.6, 316.0);SD
Port:(623.6, 396.0)(623.6, 401.0)(668.6, 401.0)(668.6, 396.0);GATE
Port:(623.6, 386.0)(623.6, 391.0)(668.6, 391.0)(668.6, 386.0);SD
Port:(603.6, 296.0)(603.6, 301.0)(688.6, 301.0)(688.6, 296.0);GATE
Module:M5
Boundary:(155.6, 289.7)(155.6, 427.2)(253.1, 427.2)(253.1, 289.7);GATE
Port:(191.9, 316.0)(191.9, 321.0)(216.9, 321.0)(216.9, 316.0);SD
Port:(181.9, 396.0)(181.9, 401.0)(226.9, 401.0)(226.9, 396.0);GATE
Port:(181.9, 386.0)(181.9, 391.0)(226.9, 391.0)(226.9, 386.0);SD
Port:(161.9, 296.0)(161.9, 301.0)(246.9, 301.0)(246.9, 296.0);GATE
Module:M6
Boundary:(740.3, 763.5)(740.3, 901.0)(837.8, 901.0)(837.8, 763.5);GATE
Port:(776.5, 789.8)(776.5, 794.8)(801.5, 794.8)(801.5, 789.8);SD
Port:(766.5, 869.8)(766.5, 874.8)(811.5, 874.8)(811.5, 869.8);GATE
Port:(766.5, 859.8)(766.5, 864.8)(811.5, 864.8)(811.5, 859.8);SD
Port:(746.5, 769.8)(746.5, 774.8)(831.5, 774.8)(831.5, 769.8);GATE
Module:M7
Boundary:(212.4, 451.0)(212.4, 512.2)(274.4, 512.2)(274.4, 451.0);GATE
Port:(230.9, 451.0)(230.9, 456.0)(255.9, 456.0)(255.9, 451.0);SD
Port:(220.9, 501.0)(220.9, 506.0)(265.9, 506.0)(265.9, 501.0);GATE
Port:(220.9, 491.0)(220.9, 496.0)(265.9, 496.0)(265.9, 491.0);SD
Module:M8
Boundary:(576.1, 451.0)(576.1, 512.2)(638.1, 512.2)(638.1, 451.0);GATE
Port:(594.6, 451.0)(594.6, 456.0)(619.6, 456.0)(619.6, 451.0);SD
Port:(584.6, 501.0)(584.6, 506.0)(629.6, 506.0)(629.6, 501.0);GATE
Port:(584.6, 491.0)(584.6, 496.0)(629.6, 496.0)(629.6, 491.0);SD
Module:M9
Boundary:(11.9, 238.5)(11.9, 366.0)(89.4, 366.0)(89.4, 238.5);GATE
Port:(48.1, 264.7)(48.1, 319.7)(53.1, 319.7)(53.1, 264.7);SD
Port:(38.1, 334.7)(38.1, 339.7)(63.1, 339.7)(63.1, 334.7);GATE
Port:(38.1, 324.7)(38.1, 329.7)(63.1, 329.7)(63.1, 324.7);SD
Port:(18.1, 244.7)(18.1, 249.7)(83.1, 249.7)(83.1, 244.7);GATE
Module:M10
Boundary:(761.1, 238.5)(761.1, 366.0)(838.6, 366.0)(838.6, 238.5);GATE
Port:(797.4, 264.7)(797.4, 319.7)(802.4, 319.7)(802.4, 264.7);SD
Port:(787.4, 334.7)(787.4, 339.7)(812.4, 339.7)(812.4, 334.7);GATE
Port:(787.4, 324.7)(787.4, 329.7)(812.4, 329.7)(812.4, 324.7);SD
Port:(767.4, 244.7)(767.4, 249.7)(832.4, 249.7)(832.4, 244.7);GATE
Module:M11
Boundary:(602.8, 822.3)(602.8, 901.0)(680.3, 901.0)(680.3, 822.3);GATE
Port:(669.0, 829.8)(669.0, 884.8)(674.0, 884.8)(674.0, 829.8);SD
Port:(609.0, 889.8)(609.0, 894.8)(674.0, 894.8)(674.0, 889.8);GATE
Port:(609.0, 829.8)(609.0, 884.8)(614.0, 884.8)(614.0, 829.8);SD
Module:M12
Boundary:(167.6, 566.2)(167.6, 627.5)(229.6, 627.5)(229.6, 566.2);GATE
Port:(186.1, 566.2)(186.1, 571.2)(211.1, 571.2)(211.1, 566.2);SD
Port:(176.1, 616.2)(176.1, 621.2)(221.1, 621.2)(221.1, 616.2);GATE
Port:(176.1, 606.2)(176.1, 611.2)(221.1, 611.2)(221.1, 606.2);SD
Module:M13
Boundary:(620.9, 566.2)(620.9, 627.5)(682.9, 627.5)(682.9, 566.2);GATE
Port:(639.4, 566.2)(639.4, 571.2)(664.4, 571.2)(664.4, 566.2);SD
Port:(629.4, 616.2)(629.4, 621.2)(674.4, 621.2)(674.4, 616.2);GATE
Port:(629.4, 606.2)(629.4, 611.2)(674.4, 611.2)(674.4, 606.2);SD
Module:M14
Boundary:(728.5, 510.9)(728.5, 602.1)(850.5, 602.1)(850.5, 510.9);GATE
Port:(747.0, 510.9)(747.0, 515.9)(832.0, 515.9)(832.0, 510.9);SD
Port:(737.0, 590.9)(737.0, 595.9)(842.0, 595.9)(842.0, 590.9);GATE
Port:(737.0, 580.9)(737.0, 585.9)(842.0, 585.9)(842.0, 580.9);SD
Module:M15
Boundary:(0.0, 510.9)(0.0, 602.1)(122.0, 602.1)(122.0, 510.9);GATE
Port:(18.5, 510.9)(18.5, 515.9)(103.5, 515.9)(103.5, 510.9);SD
Port:(8.5, 590.9)(8.5, 595.9)(113.5, 595.9)(113.5, 590.9);GATE
Port:(8.5, 580.9)(8.5, 585.9)(113.5, 585.9)(113.5, 580.9);SD
Module:M16
Boundary:(0.0, 0.0)(0.0, 61.2)(202.0, 61.2)(202.0, 0.0);GATE
Port:(18.5, 0.0)(18.5, 5.0)(183.5, 5.0)(183.5, 0.0);SD
Port:(8.5, 50.0)(8.5, 55.0)(193.5, 55.0)(193.5, 50.0);GATE
Port:(8.5, 40.0)(8.5, 45.0)(193.5, 45.0)(193.5, 40.0);SD
Module:M17
Boundary:(12.7, 763.5)(12.7, 901.0)(110.2, 901.0)(110.2, 763.5);GATE
Port:(49.0, 789.8)(49.0, 794.8)(74.0, 794.8)(74.0, 789.8);SD
Port:(39.0, 869.8)(39.0, 874.8)(84.0, 874.8)(84.0, 869.8);GATE
Port:(39.0, 859.8)(39.0, 864.8)(84.0, 864.8)(84.0, 859.8);SD
Port:(19.0, 769.8)(19.0, 774.8)(104.0, 774.8)(104.0, 769.8);GATE
